b1 = 0.0827586
b2 = 0.0067486
b3 = 0.000658428
b4 = 6.56391e-05
b5 = 6.56136e-06
